NAME: ipa-building-navigation
TYPE: TSP
COMMENT: This is the TSPlib file for using concorde. See http://comopt.ifi.uni-heidelberg.de/software/TSPLIB95/ for documentation.
DIMENSION: 25
EDGE_WEIGHT_TYPE: EXPLICIT
EDGE_WEIGHT_FORMAT: FULL_MATRIX
EDGE_WEIGHT_SECTION
 0 1094 434 552 449 1365 1378 323 340 1253 1268 218 237 1151 1162 150 965 413 588 885 299 725 1022 380 1105
 1094 0 1381 552 1371 452 442 1268 1259 340 331 1162 1157 237 226 965 150 904 729 432 1025 592 305 1103 388
 434 1381 0 836 136 1647 1662 207 224 1535 1552 315 332 1433 1446 434 1249 700 872 1169 604 1012 1309 685 1392
 552 552 836 0 828 820 836 726 716 708 726 620 614 606 620 422 422 351 177 333 472 173 470 551 555
 449 1371 136 828 0 1639 1655 222 216 1527 1545 330 324 1425 1441 427 1241 690 864 1162 596 1002 1299 677 1384
 1365 452 1647 820 1639 0 136 1537 1527 208 222 1431 1425 316 330 1233 419 1172 1000 700 1291 860 592 1374 675
 1378 442 1662 836 1655 136 0 1554 1543 224 215 1446 1441 332 323 1249 434 1188 1013 716 1306 876 607 1387 690
 323 1268 207 726 222 1537 1554 0 137 1425 1442 204 222 1322 1336 324 1138 587 761 1059 494 899 1196 574 1279
 340 1259 224 716 216 1527 1543 137 0 1415 1433 218 212 1313 1327 315 1129 578 752 1050 484 890 1187 565 1272
 1253 340 1535 708 1527 208 224 1425 1415 0 137 1319 1313 204 218 1121 307 1060 886 588 1179 748 480 1259 563
 1268 331 1552 726 1545 222 215 1442 1433 137 0 1336 1330 222 212 1138 324 1077 903 608 1196 765 497 1279 580
 218 1162 315 620 330 1431 1446 204 218 1319 1336 0 137 1217 1230 218 1033 481 656 953 388 793 1090 469 1176
 237 1157 332 614 324 1425 1441 222 212 1313 1330 137 0 1211 1225 212 1027 475 650 947 382 787 1084 463 1167
 1151 237 1433 606 1425 316 332 1322 1313 204 222 1217 1211 0 137 1019 204 958 783 486 1076 646 377 1157 461
 1162 226 1446 620 1441 330 323 1336 1327 218 212 1230 1225 137 0 1033 218 972 797 502 1093 660 391 1171 474
 150 965 434 422 427 1233 1249 324 315 1121 1138 218 212 1019 1033 0 835 283 458 755 193 595 895 274 976
 965 150 1249 422 1241 419 434 1138 1129 307 324 1033 1027 204 218 835 0 774 599 302 892 462 193 973 277
 413 904 700 351 690 1172 1188 587 578 1060 1077 481 475 958 972 283 774 0 373 671 318 511 808 399 891
 588 729 872 177 864 1000 1013 761 752 886 903 656 650 783 797 458 599 373 0 497 492 337 634 573 717
 885 432 1169 333 1162 700 716 1059 1050 588 608 953 947 486 502 755 302 671 497 0 790 359 336 871 419
 299 1025 604 472 596 1291 1306 494 484 1179 1196 388 382 1076 1093 193 892 318 492 790 0 630 927 120 1010
 725 592 1012 173 1002 860 876 899 890 748 765 793 787 646 660 595 462 511 337 359 630 0 496 711 579
 1022 305 1309 470 1299 592 607 1196 1187 480 497 1090 1084 377 391 895 193 808 634 336 927 496 0 1008 120
 380 1103 685 551 677 1374 1387 574 565 1259 1279 469 463 1157 1171 274 973 399 573 871 120 711 1008 0 1091
 1105 388 1392 555 1384 675 690 1279 1272 563 580 1176 1167 461 474 976 277 891 717 419 1010 579 120 1091 0
EOF