NAME: ipa-building-navigation
TYPE: TSP
COMMENT: This is the TSPlib file for using concorde. See http://comopt.ifi.uni-heidelberg.de/software/TSPLIB95/ for documentation.
DIMENSION: 39
EDGE_WEIGHT_TYPE: EXPLICIT
EDGE_WEIGHT_FORMAT: FULL_MATRIX
EDGE_WEIGHT_SECTION
 0 627 901 1175 1449 531 805 1353 96 1079 520 200 635 907 1183 1455 499 679 263 1235 1031 301 843 528 1219 943 395 395 671 494 498 776 1050 1322 1315 496 491 765 1039
 627 0 610 884 1158 96 514 1062 531 788 801 636 199 616 892 1164 225 405 367 961 757 575 569 803 944 668 669 397 396 768 500 502 778 1048 1040 771 493 493 764
 901 610 0 611 884 514 96 788 805 515 1075 910 617 200 620 890 405 225 641 687 483 849 295 1076 671 395 943 671 400 1042 774 506 502 774 767 1044 767 495 491
 1175 884 611 0 610 788 515 514 1079 96 1349 1184 894 620 199 616 679 499 915 413 209 1123 335 1351 396 397 1217 945 675 1316 1048 780 504 502 492 1319 1041 769 493
 1449 1158 884 610 0 1062 788 96 1353 514 1623 1458 1165 893 617 203 953 773 1189 219 421 1397 609 1624 395 671 1491 1219 948 1590 1322 1054 778 498 491 1592 1315 1043 767
 531 96 514 788 1062 0 418 966 435 692 705 540 136 520 796 1068 129 309 271 865 661 479 473 707 848 572 573 301 303 672 404 406 680 952 944 675 397 395 668
 805 514 96 515 788 418 0 692 709 419 979 814 521 140 522 796 309 129 545 591 387 753 199 980 575 299 847 575 304 946 678 410 406 678 671 948 671 399 395
 1353 1062 788 514 96 966 692 0 1257 418 1527 1362 1069 797 521 140 857 677 1093 121 325 1301 513 1528 299 575 1395 1125 852 1494 1226 958 682 402 397 1496 1219 947 671
 96 531 805 1079 1353 435 709 1257 0 983 424 140 539 811 1087 1359 403 583 167 1139 935 205 747 432 1123 847 299 299 575 398 402 680 954 1226 1219 400 395 669 943
 1079 788 515 96 514 692 419 418 983 0 1253 1088 796 524 136 520 583 403 819 317 115 1027 239 1255 300 301 1121 849 579 1220 952 684 408 404 396 1223 945 673 397
 520 801 1075 1349 1623 705 979 1527 424 1253 0 525 808 1080 1356 1628 673 853 437 1409 1205 229 1017 261 1392 1116 296 568 844 395 671 950 1223 1495 1488 395 664 939 1212
 200 636 910 1184 1458 540 814 1362 140 1088 525 0 643 915 1191 1463 508 688 272 1244 1040 306 852 534 1228 952 400 406 680 499 507 787 1059 1331 1324 502 502 774 1050
 635 199 617 894 1165 136 521 1069 539 796 808 643 0 623 899 1171 232 412 374 968 764 582 578 810 952 676 676 404 404 775 507 509 783 1057 1050 778 500 498 774
 907 616 200 620 893 520 140 797 811 524 1080 915 623 0 627 899 410 230 646 696 492 854 306 1082 680 404 948 676 406 1047 779 511 513 785 778 1050 772 500 504
 1183 892 620 199 617 796 522 521 1087 136 1356 1191 899 627 0 623 686 506 922 420 221 1130 342 1358 404 404 1224 952 682 1323 1055 787 511 507 500 1326 1048 776 500
 1455 1164 890 616 203 1068 796 140 1359 520 1628 1463 1171 899 623 0 958 778 1194 222 426 1402 614 1630 400 676 1496 1224 954 1595 1327 1059 783 503 496 1598 1320 1048 772
 499 225 405 679 953 129 309 857 403 583 673 508 232 410 686 958 0 180 236 736 532 444 344 671 719 443 537 265 171 637 369 277 550 822 815 639 361 265 539
 679 405 225 499 773 309 129 677 583 403 853 688 412 230 506 778 180 0 416 556 352 624 164 851 539 263 717 445 175 819 549 281 370 645 635 819 541 269 359
 263 367 641 915 1189 271 545 1093 167 819 437 272 374 646 922 1194 236 416 0 972 768 208 580 435 955 679 301 131 407 401 234 513 786 1058 1051 403 227 501 775
 1235 961 687 413 219 865 591 121 1139 317 1409 1244 968 696 420 222 736 556 972 0 204 1180 392 1407 177 453 1273 1001 731 1373 1105 837 561 281 273 1375 1097 825 549
 1031 757 483 209 421 661 387 325 935 115 1205 1040 764 492 221 426 532 352 768 204 0 976 188 1203 187 249 1069 797 527 1169 901 633 357 290 283 1171 893 621 345
 301 575 849 1123 1397 479 753 1301 205 1027 229 306 582 854 1130 1402 444 624 208 1180 976 0 788 227 1163 887 100 339 615 200 442 721 994 1266 1259 202 435 709 983
 843 569 295 335 609 473 199 513 747 239 1017 852 578 306 342 614 344 164 580 392 188 788 0 1015 375 104 881 609 339 983 713 445 211 478 471 983 705 433 200
 528 803 1076 1351 1624 707 980 1528 432 1255 261 534 810 1082 1358 1630 671 851 435 1407 1203 227 1015 0 1391 1115 291 563 843 390 666 948 1222 1496 1487 390 659 937 1211
 1219 944 671 396 395 848 575 299 1123 300 1392 1228 952 680 404 400 719 539 955 177 187 1163 375 1391 0 420 1257 985 698 1356 1088 804 528 136 96 1359 1081 792 516
 943 668 395 397 671 572 299 575 847 301 1116 952 676 404 404 676 443 263 679 453 249 887 104 1115 420 0 981 709 422 1080 812 528 140 524 516 1083 805 516 96
 395 669 943 1217 1491 573 847 1395 299 1121 296 400 676 948 1224 1496 537 717 301 1273 1069 100 881 291 1257 981 0 416 709 132 520 815 1088 1360 1353 101 512 803 1077
 395 397 671 945 1219 301 575 1125 299 849 568 406 404 676 952 1224 265 445 131 1001 797 339 609 563 985 709 416 0 437 516 136 543 816 1088 1081 518 96 531 805
 671 396 400 675 948 303 304 852 575 579 844 680 404 406 682 954 171 175 407 731 527 615 339 843 698 422 709 437 0 808 540 136 529 801 794 811 533 97 518
 494 768 1042 1316 1590 672 946 1494 398 1220 395 499 775 1047 1323 1595 637 819 401 1373 1169 200 983 390 1356 1080 132 516 808 0 619 914 1187 1459 1452 203 612 903 1176
 498 500 774 1048 1322 404 678 1226 402 952 671 507 507 779 1055 1327 369 549 234 1105 901 442 713 666 1088 812 520 136 540 619 0 646 919 1191 1184 621 203 635 908
 776 502 506 780 1054 406 410 958 680 684 950 787 509 511 787 1059 277 281 513 837 633 721 445 948 804 528 815 543 136 914 646 0 635 907 900 916 639 205 624
 1050 778 502 504 778 680 406 682 954 408 1223 1059 783 513 511 783 550 370 786 561 357 994 211 1222 528 140 1088 816 529 1187 919 635 0 631 624 1190 912 624 205
 1322 1048 774 502 498 952 678 402 1226 404 1495 1331 1057 785 507 503 822 645 1058 281 290 1266 478 1496 136 524 1360 1088 801 1459 1191 907 631 0 201 1462 1184 896 620
 1315 1040 767 492 491 944 671 397 1219 396 1488 1324 1050 778 500 496 815 635 1051 273 283 1259 471 1487 96 516 1353 1081 794 1452 1184 900 624 201 0 1455 1177 888 612
 496 771 1044 1319 1592 675 948 1496 400 1223 395 502 778 1050 1326 1598 639 819 403 1375 1171 202 983 390 1359 1083 101 518 811 203 621 916 1190 1462 1455 0 614 905 1179
 491 493 767 1041 1315 397 671 1219 395 945 664 502 500 772 1048 1320 361 541 227 1097 893 435 705 659 1081 805 512 96 533 612 203 639 912 1184 1177 614 0 627 901
 765 493 495 769 1043 395 399 947 669 673 939 774 498 500 776 1048 265 269 501 825 621 709 433 937 792 516 803 531 97 903 635 205 624 896 888 905 627 0 612
 1039 764 491 493 767 668 395 671 943 397 1212 1050 774 504 500 772 539 359 775 549 345 983 200 1211 516 96 1077 805 518 1176 908 624 205 620 612 1179 901 612 0
EOF