NAME: ipa-building-navigation
TYPE: TSP
COMMENT: This is the TSPlib file for using concorde. See http://comopt.ifi.uni-heidelberg.de/software/TSPLIB95/ for documentation.
DIMENSION: 51
EDGE_WEIGHT_TYPE: EXPLICIT
EDGE_WEIGHT_FORMAT: FULL_MATRIX
EDGE_WEIGHT_SECTION
 0 311 1782 379 379 422 417 503 502 748 747 790 785 1106 1113 1288 1291 1332 1332 1411 1408 1729 1648 1657 1736 1684 1736 2018 2123 2303 2483 2799 2929 3166 3216 2850 1944 1817 1878 2149 2331 2510 2822 3188 3238 1948 1984 2877 1974 2068 2960
 311 0 1885 488 481 525 529 610 604 857 852 890 894 1215 1213 1397 1393 1441 1437 1520 1508 1839 1757 1757 1839 1793 1838 2121 2223 2407 2585 2904 3034 3266 3319 2955 2049 1927 1987 2250 2436 2615 2922 3293 3341 2051 2084 2979 2083 2168 3063
 1782 1885 0 1559 1552 1503 1512 1594 1582 1195 1188 1144 1153 832 822 647 640 604 599 683 670 358 279 273 355 228 270 352 456 639 816 1133 1266 1497 1552 1186 278 155 108 468 647 829 1140 1507 1557 229 281 1197 202 365 1279
 379 488 1559 0 196 218 181 265 297 512 524 567 549 870 888 1052 1068 1095 1109 1175 1185 1493 1414 1434 1515 1448 1513 1797 1897 2079 2259 2576 2706 2940 2993 2627 1719 1581 1642 1933 2103 2290 2597 2965 3015 1730 1754 2654 1740 1840 2740
 379 481 1552 196 0 175 216 297 257 528 500 543 565 885 864 1068 1044 1111 1087 1193 1159 1509 1428 1408 1489 1464 1489 1771 1873 2056 2236 2552 2683 2916 2969 2603 1695 1597 1657 1905 2082 2266 2573 2939 2991 1701 1735 2630 1756 1816 2713
 422 525 1503 218 175 0 192 274 79 479 451 492 518 837 815 1019 997 1062 1036 1142 1110 1460 1379 1359 1440 1415 1440 1722 1824 2007 2187 2503 2636 2867 2920 2554 1646 1548 1609 1854 2040 2212 2524 2893 2940 1652 1686 2581 1705 1770 2662
 417 529 1512 181 216 192 0 83 272 463 475 516 500 821 839 1003 1019 1046 1062 1126 1134 1444 1363 1383 1464 1399 1464 1746 1851 2031 2211 2527 2657 2891 2944 2580 1675 1532 1593 1877 2059 2236 2550 2914 2966 1676 1707 2605 1689 1793 2688
 503 610 1594 265 297 274 83 0 356 547 561 599 584 904 922 1087 1102 1132 1143 1209 1217 1528 1449 1469 1548 1483 1547 1830 1934 2116 2294 2611 2743 2975 3028 2661 1753 1616 1676 1961 2138 2322 2631 2998 3048 1760 1791 2688 1775 1879 2770
 502 604 1582 297 257 79 272 356 0 558 531 572 595 916 897 1098 1075 1142 1116 1221 1189 1540 1458 1441 1520 1494 1520 1802 1909 2086 2271 2583 2715 2947 3000 2634 1728 1628 1690 1931 2115 2292 2603 2972 3020 1732 1766 2660 1787 1847 2742
 748 857 1195 512 528 479 463 547 558 0 200 222 185 506 526 688 706 731 747 811 819 1129 1048 1068 1151 1084 1149 1431 1533 1718 1895 2212 2345 2576 2629 2263 1357 1217 1278 1562 1746 1926 2237 2604 2649 1361 1390 2290 1374 1474 2373
 747 852 1188 524 500 451 475 561 531 200 0 173 218 517 496 700 676 743 717 823 791 1141 1060 1042 1124 1098 1121 1403 1505 1688 1870 2184 2317 2548 2601 2237 1329 1231 1289 1532 1716 1898 2205 2571 2621 1336 1365 2262 1386 1448 2343
 790 890 1144 567 543 492 516 599 572 222 173 0 199 477 456 660 636 703 679 783 751 1101 1020 1000 1084 1056 1081 1363 1465 1648 1830 2144 2277 2508 2564 2197 1289 1189 1252 1495 1674 1858 2167 2531 2581 1293 1322 2227 1348 1408 2303
 785 894 1153 549 565 518 500 584 595 185 218 199 0 464 482 646 662 690 703 769 782 1088 1009 1026 1107 1045 1107 1389 1494 1676 1856 2171 2301 2535 2590 2221 1315 1176 1236 1521 1700 1884 2191 2560 2612 1320 1358 2248 1335 1437 2332
 1106 1215 832 870 885 837 821 904 916 506 517 477 464 0 196 320 338 366 381 443 451 761 682 700 781 716 781 1063 1167 1347 1527 1847 1974 2211 2266 1897 994 849 910 1194 1378 1555 1867 2231 2286 993 1024 1924 1008 1110 2003
 1113 1213 822 888 864 815 839 922 897 526 496 456 482 196 0 341 314 384 353 461 429 779 698 676 757 732 757 1039 1141 1324 1504 1820 1955 2184 2237 1873 963 867 928 1171 1350 1534 1843 2207 2257 969 1001 1895 1022 1082 1981
 1288 1397 647 1052 1068 1019 1003 1087 1098 688 700 660 646 320 341 0 198 183 216 263 289 581 500 520 603 536 603 883 985 1167 1350 1667 1794 2028 2081 1717 807 669 730 1017 1196 1375 1685 2056 2101 816 847 1744 828 928 1825
 1291 1393 640 1068 1044 997 1019 1102 1075 706 676 636 662 338 314 198 0 218 173 295 247 599 516 496 577 552 577 859 964 1146 1326 1640 1773 2004 2060 1691 783 685 745 988 1172 1354 1661 2027 2079 792 821 1718 844 902 1804
 1332 1441 604 1095 1111 1062 1046 1132 1142 731 743 703 690 366 384 183 218 0 198 81 270 538 457 477 558 493 557 840 944 1124 1307 1621 1753 1985 2040 1671 766 626 686 971 1150 1334 1644 2010 2058 772 803 1701 783 887 1784
 1332 1437 599 1109 1087 1036 1062 1143 1116 747 717 679 703 381 353 216 173 198 0 275 73 554 475 453 534 509 534 816 918 1103 1280 1597 1727 1961 2014 1648 742 642 705 950 1124 1311 1620 1984 2034 746 775 1672 801 861 1756
 1411 1520 683 1175 1193 1142 1126 1209 1221 811 823 783 769 443 461 263 295 81 275 0 349 617 536 558 640 572 637 919 1021 1204 1386 1700 1831 2064 2117 1751 848 705 766 1055 1230 1409 1721 2087 2137 854 883 1776 865 964 1862
 1408 1508 670 1185 1159 1110 1134 1217 1189 819 791 751 782 451 429 289 247 270 73 349 0 628 546 527 608 582 608 890 992 1177 1354 1671 1801 2035 2088 1722 816 716 776 1023 1203 1384 1694 2058 2108 820 851 1746 875 937 1830
 1729 1839 358 1493 1509 1460 1444 1528 1540 1129 1141 1101 1088 761 779 581 599 538 554 617 628 0 81 273 354 249 333 613 717 897 1077 1394 1524 1758 1811 1444 536 380 443 744 928 1107 1414 1781 1831 545 576 1471 537 658 1555
 1648 1757 279 1414 1428 1379 1363 1449 1458 1048 1060 1020 1009 682 698 500 516 457 475 536 546 81 0 192 273 166 249 531 634 818 996 1313 1443 1679 1730 1363 460 299 359 658 847 1026 1338 1699 1749 462 498 1392 456 576 1471
 1657 1757 273 1434 1408 1359 1383 1469 1441 1068 1042 1000 1026 700 676 520 496 477 453 558 527 273 192 0 81 204 211 493 595 780 957 1274 1404 1638 1691 1327 417 340 384 629 803 985 1295 1661 1713 423 452 1351 478 540 1435
 1736 1839 355 1515 1489 1440 1464 1548 1520 1151 1124 1084 1107 781 757 603 577 558 534 640 608 354 273 81 0 288 292 574 676 859 1039 1355 1485 1719 1775 1406 500 419 460 701 885 1069 1378 1744 1792 507 543 1433 557 619 1514
 1684 1793 228 1448 1464 1415 1399 1483 1494 1084 1098 1056 1045 716 732 536 552 493 509 572 582 249 166 204 288 0 222 504 606 789 969 1285 1416 1649 1702 1336 428 135 219 633 815 994 1306 1672 1722 394 468 1365 344 547 1444
 1736 1838 270 1513 1489 1440 1464 1547 1520 1149 1121 1081 1107 781 757 603 577 557 534 637 608 333 249 211 292 222 0 298 400 583 763 1079 1209 1443 1501 1130 224 355 376 427 609 790 1100 1466 1516 228 257 1157 305 341 1238
 2018 2121 352 1797 1771 1722 1746 1830 1802 1431 1403 1363 1389 1063 1039 883 859 840 816 919 890 613 531 493 574 504 298 0 392 575 755 1071 1201 1435 1491 1124 76 508 458 417 601 780 1092 1458 1510 281 270 1146 358 354 1230
 2123 2223 456 1897 1873 1824 1851 1934 1909 1533 1505 1465 1494 1167 1141 985 964 944 918 1021 992 717 634 595 676 606 400 392 0 314 494 811 944 1175 1228 862 316 610 557 194 341 520 832 1198 1248 367 335 886 443 418 970
 2303 2407 639 2079 2056 2007 2031 2116 2086 1718 1688 1648 1676 1347 1324 1167 1146 1124 1103 1204 1177 897 818 780 859 789 583 575 314 0 311 628 758 992 1045 681 498 792 742 337 192 337 648 1015 1067 549 517 703 626 601 786
 2483 2585 816 2259 2236 2187 2211 2294 2271 1895 1870 1830 1856 1527 1504 1350 1326 1307 1280 1386 1354 1077 996 957 1039 969 763 755 494 311 0 445 578 809 862 496 678 972 920 517 333 194 466 832 882 729 697 521 806 781 604
 2799 2904 1133 2576 2552 2503 2527 2611 2583 2212 2184 2144 2171 1847 1820 1667 1640 1621 1597 1700 1671 1394 1313 1274 1355 1285 1079 1071 811 628 445 0 261 493 546 179 1000 1289 1239 833 649 471 189 516 565 1048 1014 218 1122 1097 299
 2929 3034 1266 2706 2683 2636 2657 2743 2715 2345 2317 2277 2301 1974 1955 1794 1773 1753 1727 1831 1801 1524 1443 1404 1485 1416 1209 1201 944 758 578 261 0 525 578 79 1128 1419 1367 963 779 601 293 548 598 1178 1144 274 1253 1228 357
 3166 3266 1497 2940 2916 2867 2891 2975 2947 2576 2548 2508 2535 2211 2184 2028 2004 1985 1961 2064 2035 1758 1679 1638 1719 1649 1443 1435 1175 992 809 493 525 0 182 445 1359 1653 1601 1197 1013 837 513 189 216 1412 1378 470 1486 1461 551
 3216 3319 1552 2993 2969 2920 2944 3028 3000 2629 2601 2564 2590 2266 2237 2081 2060 2040 2014 2117 2088 1811 1730 1691 1775 1702 1501 1491 1228 1045 862 546 578 182 0 498 1412 1706 1656 1253 1066 888 566 216 194 1468 1431 523 1542 1514 604
 2850 2955 1186 2627 2603 2554 2580 2661 2634 2263 2237 2197 2221 1897 1873 1717 1691 1671 1648 1751 1722 1444 1363 1327 1406 1336 1130 1124 862 681 496 179 79 445 498 0 1046 1340 1287 884 700 521 216 468 518 1097 1065 194 1173 1148 278
 1944 2049 278 1719 1695 1646 1675 1753 1728 1357 1329 1289 1315 994 963 807 783 766 742 848 816 536 460 417 500 428 224 76 316 498 678 1000 1128 1359 1412 1046 0 432 381 341 525 704 1016 1382 1434 207 194 1075 281 278 1154
 1817 1927 155 1581 1597 1548 1532 1616 1628 1217 1231 1189 1176 849 867 669 685 626 642 705 716 380 299 340 419 135 355 508 610 792 972 1289 1419 1653 1706 1340 432 0 100 598 780 961 1273 1639 1689 305 414 1328 253 498 1411
 1878 1987 108 1642 1657 1609 1593 1676 1690 1278 1289 1252 1236 910 928 730 745 686 705 766 776 443 359 384 460 219 376 458 557 742 920 1239 1367 1601 1656 1287 381 100 0 548 727 909 1221 1587 1639 223 362 1278 164 445 1359
 2149 2250 468 1933 1905 1854 1877 1961 1931 1562 1532 1495 1521 1194 1171 1017 988 971 950 1055 1023 744 658 629 701 633 427 417 194 337 517 833 963 1197 1253 884 341 598 548 0 326 506 817 1184 1234 355 323 874 432 407 956
 2331 2436 647 2103 2082 2040 2059 2138 2115 1746 1716 1674 1700 1378 1350 1196 1172 1150 1124 1230 1203 928 847 803 885 815 609 601 341 192 333 649 779 1013 1066 700 525 780 727 326 0 322 633 1000 1050 537 505 688 613 588 772
 2510 2615 829 2290 2266 2212 2236 2322 2292 1926 1898 1858 1884 1555 1534 1375 1354 1334 1311 1409 1384 1107 1026 985 1069 994 790 780 520 337 194 471 601 837 888 521 704 961 909 506 322 0 455 821 871 718 686 510 795 770 593
 2822 2922 1140 2597 2573 2524 2550 2631 2603 2237 2205 2167 2191 1867 1843 1685 1661 1644 1620 1721 1694 1414 1338 1295 1378 1306 1100 1092 832 648 466 189 293 513 566 216 1016 1273 1221 817 633 455 0 497 547 1030 998 186 1107 1082 269
 3188 3293 1507 2965 2939 2893 2914 2998 2972 2604 2571 2531 2560 2231 2207 2056 2027 2010 1984 2087 2058 1781 1699 1661 1744 1672 1466 1458 1198 1015 832 516 548 189 216 468 1382 1639 1587 1184 1000 821 497 0 186 1396 1367 454 1473 1448 538
 3238 3341 1557 3015 2991 2940 2966 3048 3020 2649 2621 2581 2612 2286 2257 2101 2079 2058 2034 2137 2108 1831 1749 1713 1792 1722 1516 1510 1248 1067 882 565 598 216 194 518 1434 1689 1639 1234 1050 871 547 186 0 1446 1414 504 1523 1498 588
 1948 2051 229 1730 1701 1652 1676 1760 1732 1361 1336 1293 1320 993 969 816 792 772 746 854 820 545 462 423 507 394 228 281 367 549 729 1048 1178 1412 1468 1097 207 305 223 355 537 718 1030 1396 1446 0 171 1085 81 255 1168
 1984 2084 281 1754 1735 1686 1707 1791 1766 1390 1365 1322 1358 1024 1001 847 821 803 775 883 851 576 498 452 543 468 257 270 335 517 697 1014 1144 1378 1431 1065 194 414 362 323 505 686 998 1367 1414 171 0 1053 248 83 1136
 2877 2979 1197 2654 2630 2581 2605 2688 2660 2290 2262 2227 2248 1924 1895 1744 1718 1701 1672 1776 1746 1471 1392 1351 1433 1365 1157 1146 886 703 521 218 274 470 523 194 1075 1328 1278 874 688 510 186 454 504 1085 1053 0 1161 1136 83
 1974 2083 202 1740 1756 1705 1689 1775 1787 1374 1386 1348 1335 1008 1022 828 844 783 801 865 875 537 456 478 557 344 305 358 443 626 806 1122 1253 1486 1542 1173 281 253 164 432 613 795 1107 1473 1523 81 248 1161 0 331 1245
 2068 2168 365 1840 1816 1770 1793 1879 1847 1474 1448 1408 1437 1110 1082 928 902 887 861 964 937 658 576 540 619 547 341 354 418 601 781 1097 1228 1461 1514 1148 278 498 445 407 588 770 1082 1448 1498 255 83 1136 331 0 1220
 2960 3063 1279 2740 2713 2662 2688 2770 2742 2373 2343 2303 2332 2003 1981 1825 1804 1784 1756 1862 1830 1555 1471 1435 1514 1444 1238 1230 970 786 604 299 357 551 604 278 1154 1411 1359 956 772 593 269 538 588 1168 1136 83 1245 1220 0
EOF