NAME: ipa-building-navigation
TYPE: TSP
COMMENT: This is the TSPlib file for using concorde. See http://comopt.ifi.uni-heidelberg.de/software/TSPLIB95/ for documentation.
DIMENSION: 46
EDGE_WEIGHT_TYPE: EXPLICIT
EDGE_WEIGHT_FORMAT: FULL_MATRIX
EDGE_WEIGHT_SECTION
 0 271 369 311 364 288 397 402 456 447 442 503 764 766 806 813 1114 1121 1312 1310 1357 1359 1668 1669 1955 2127 2315 2493 2823 2908 3187 3238 1737 1741 1767 2002 2161 2338 2520 2872 2913 3202 3277 1978 2906 2057
 271 0 114 63 92 53 466 465 525 510 511 570 833 829 875 875 1181 1183 1378 1373 1426 1424 1737 1731 2020 2195 2378 2558 2886 2971 3250 3300 1800 1804 1834 2067 2223 2403 2580 2932 2976 3267 3342 2047 2969 2118
 369 114 0 57 71 80 567 563 623 608 610 668 931 927 974 978 1279 1281 1479 1471 1524 1520 1835 1829 2116 2291 2476 2654 2984 3072 3348 3396 1898 1902 1934 2165 2324 2499 2681 3033 3074 3366 3438 2146 3069 2216
 311 63 57 0 76 22 507 505 565 550 554 610 873 869 916 918 1221 1223 1419 1413 1466 1462 1777 1771 2061 2233 2418 2598 2926 3011 3290 3341 1840 1844 1876 2107 2259 2443 2623 2973 3016 3305 3378 2085 3009 2158
 364 92 71 76 0 98 559 558 618 603 604 665 926 922 968 968 1274 1276 1471 1466 1519 1517 1830 1824 2113 2285 2473 2649 2979 3064 3343 3393 1892 1897 1929 2162 2314 2496 2676 3025 3071 3363 3435 2140 3061 2213
 288 53 80 22 98 0 484 482 543 527 529 588 850 846 893 893 1198 1201 1396 1390 1443 1442 1754 1749 2036 2210 2396 2578 2904 2989 3268 3316 1817 1822 1851 2082 2239 2418 2598 2955 2996 3285 3355 2063 2991 2140
 397 466 567 507 559 484 0 237 68 258 224 282 545 561 590 607 893 915 1091 1107 1138 1156 1449 1463 1750 1922 2110 2295 2618 2703 2984 3030 1532 1536 1546 1801 1953 2132 2312 2664 2708 2999 3069 1760 2703 1852
 402 465 563 505 558 482 237 0 295 220 258 317 563 539 606 586 913 894 1109 1086 1156 1132 1467 1442 1729 1901 2089 2271 2597 2682 2961 3009 1510 1515 1564 1778 1931 2113 2293 2645 2686 2980 3048 1775 2679 1828
 456 525 623 565 618 543 68 295 0 317 282 341 604 619 646 668 952 974 1149 1163 1197 1215 1508 1522 1809 1981 2171 2346 2677 2762 3043 3091 1590 1595 1605 1855 2016 2191 2373 2725 2769 3056 3128 1816 2762 1906
 447 510 608 550 603 527 258 220 317 0 237 295 516 492 558 539 864 846 1064 1036 1109 1087 1420 1394 1681 1856 2044 2219 2549 2634 2913 2961 1463 1467 1517 1733 1889 2066 2243 2595 2639 2931 3000 1728 2634 1779
 442 511 610 554 604 529 224 258 282 237 0 72 500 518 543 562 848 870 1046 1060 1093 1109 1404 1418 1705 1879 2065 2243 2575 2658 2939 2985 1487 1491 1501 1749 1910 2092 2270 2619 2663 2952 3024 1712 2660 1802
 503 570 668 610 665 588 282 317 341 295 72 0 559 574 601 623 907 931 1107 1118 1152 1167 1463 1477 1768 1936 2126 2304 2632 2717 2996 3044 1545 1550 1560 1810 1967 2146 2326 2678 2721 3011 3083 1773 2714 1863
 764 833 931 873 926 850 545 563 604 516 500 559 0 231 218 257 523 545 721 735 768 786 1079 1093 1380 1552 1743 1918 2248 2333 2615 2663 1162 1166 1179 1427 1581 1763 1945 2297 2340 2630 2700 1388 2336 1480
 766 829 927 869 922 846 561 539 619 492 518 574 231 0 253 214 539 522 737 711 784 760 1095 1070 1357 1536 1717 1894 2225 2310 2589 2639 1138 1143 1192 1406 1557 1739 1921 2275 2314 2603 2678 1406 2307 1454
 806 875 974 916 968 893 590 606 646 558 543 601 218 253 0 242 487 509 687 699 732 748 1043 1057 1344 1516 1704 1882 2215 2300 2579 2627 1126 1130 1140 1393 1552 1727 1907 2263 2304 2594 2666 1354 2300 1444
 813 875 978 918 968 893 607 586 668 539 562 623 257 214 242 0 505 487 702 677 750 728 1061 1035 1322 1497 1685 1860 2190 2275 2554 2602 1104 1108 1158 1371 1527 1704 1887 2241 2280 2569 2644 1371 2277 1422
 1114 1181 1279 1221 1274 1198 893 913 952 864 848 907 523 539 487 505 0 208 343 362 391 406 702 716 1005 1177 1363 1540 1873 1956 2235 2285 784 789 799 1052 1206 1387 1567 1917 1960 2250 2322 1010 1956 1107
 1121 1183 1281 1223 1276 1201 915 894 974 846 870 931 545 522 509 487 208 0 363 338 413 387 721 696 983 1157 1345 1521 1851 1936 2215 2263 764 769 821 1030 1186 1365 1547 1899 1943 2230 2304 1032 1933 1085
 1312 1378 1479 1419 1471 1396 1091 1109 1149 1064 1046 1107 721 737 687 702 343 363 0 233 226 261 537 551 838 1012 1198 1378 1706 1791 2072 2120 620 624 634 887 1041 1223 1405 1752 1798 2087 2162 848 1791 938
 1310 1373 1471 1413 1466 1390 1107 1086 1163 1036 1060 1118 735 711 699 677 362 338 233 0 257 216 551 526 813 985 1175 1353 1681 1766 2045 2093 594 599 648 862 1018 1197 1377 1729 1772 2062 2136 862 1768 915
 1357 1426 1524 1466 1519 1443 1138 1156 1197 1109 1093 1152 768 784 732 750 391 413 226 257 0 245 498 512 799 971 1161 1336 1667 1752 2031 2081 580 585 595 845 999 1183 1366 1713 1756 2046 2120 806 1749 901
 1359 1424 1520 1462 1517 1442 1156 1132 1215 1087 1109 1167 786 760 748 728 406 387 261 216 245 0 516 490 780 952 1137 1317 1645 1730 2009 2057 559 563 613 826 985 1162 1339 1691 1735 2027 2099 824 1728 877
 1668 1737 1835 1777 1830 1754 1449 1467 1508 1420 1404 1463 1079 1095 1043 1061 702 721 537 551 498 516 0 221 487 662 845 1025 1353 1438 1719 1765 266 271 264 534 690 872 1047 1399 1442 1732 1806 476 1435 589
 1669 1731 1829 1771 1824 1749 1463 1442 1522 1394 1418 1477 1093 1070 1057 1035 716 696 551 526 512 490 221 0 441 615 803 978 1309 1394 1673 1721 222 227 295 492 643 823 1003 1357 1400 1687 1760 487 1391 543
 1955 2020 2116 2061 2113 2036 1750 1729 1809 1681 1705 1768 1380 1357 1344 1322 1005 983 838 813 799 780 487 441 0 338 524 699 1030 1115 1394 1442 290 232 517 227 362 546 724 1076 1119 1411 1483 293 1112 280
 2127 2195 2291 2233 2285 2210 1922 1901 1981 1856 1879 1936 1552 1536 1516 1497 1177 1157 1012 985 971 952 662 615 338 0 331 509 839 924 1203 1254 462 404 689 361 209 353 533 885 929 1218 1290 451 922 417
 2315 2378 2476 2418 2473 2396 2110 2089 2171 2044 2065 2126 1743 1717 1704 1685 1363 1345 1198 1175 1161 1137 845 803 524 331 0 334 662 747 1026 1074 650 592 877 552 362 213 356 708 751 1041 1115 639 744 602
 2493 2558 2654 2598 2649 2578 2295 2271 2346 2219 2243 2304 1918 1894 1882 1860 1540 1521 1378 1353 1336 1317 1025 978 699 509 334 0 477 562 841 891 828 770 1054 727 537 353 211 523 566 858 928 817 559 782
 2823 2886 2984 2926 2979 2904 2618 2597 2677 2549 2575 2632 2248 2225 2215 2190 1873 1851 1706 1681 1667 1645 1353 1309 1030 839 662 477 0 259 538 588 1158 1100 1385 1057 865 681 501 260 275 553 627 1145 296 1110
 2908 2971 3072 3011 3064 2989 2703 2682 2762 2634 2658 2717 2333 2310 2300 2275 1956 1936 1791 1766 1752 1730 1438 1394 1115 924 747 562 259 0 525 575 1243 1185 1469 1142 953 766 586 319 288 540 612 1230 355 1195
 3187 3250 3348 3290 3343 3268 2984 2961 3043 2913 2939 2996 2615 2589 2579 2554 2235 2215 2072 2045 2031 2009 1719 1673 1394 1203 1026 841 538 525 0 227 1522 1464 1749 1421 1229 1045 865 584 527 226 275 1509 618 1474
 3238 3300 3396 3341 3393 3316 3030 3009 3091 2961 2985 3044 2663 2639 2627 2602 2285 2263 2120 2093 2081 2057 1765 1721 1442 1254 1074 891 588 575 227 0 1570 1512 1797 1472 1277 1093 913 632 575 246 249 1557 668 1522
 1737 1800 1898 1840 1892 1817 1532 1510 1590 1463 1487 1545 1162 1138 1126 1104 784 764 620 594 580 559 266 222 290 462 650 828 1158 1243 1522 1570 0 121 307 335 491 673 853 1205 1248 1540 1609 368 1241 388
 1741 1804 1902 1844 1897 1822 1536 1515 1595 1467 1491 1550 1166 1143 1130 1108 789 769 624 599 585 563 271 227 232 404 592 770 1100 1185 1464 1512 121 0 305 277 433 617 794 1146 1190 1481 1551 303 1183 329
 1767 1834 1934 1876 1929 1851 1546 1564 1605 1517 1501 1560 1179 1192 1140 1158 799 821 634 648 595 613 264 295 517 689 877 1054 1385 1469 1749 1797 307 305 0 510 681 862 1045 1394 1438 1729 1799 328 1431 561
 2002 2067 2165 2107 2162 2082 1801 1778 1855 1733 1749 1810 1427 1406 1393 1371 1052 1030 887 862 845 826 534 492 227 361 552 727 1057 1142 1421 1472 335 277 510 0 354 535 715 1067 1111 1402 1472 269 1104 69
 2161 2223 2324 2259 2314 2239 1953 1931 2016 1889 1910 1967 1581 1557 1552 1527 1206 1186 1041 1018 999 985 690 643 362 209 362 537 865 953 1229 1277 491 433 681 354 0 343 523 875 919 1208 1280 441 912 407
 2338 2403 2499 2443 2496 2418 2132 2113 2191 2066 2092 2146 1763 1739 1727 1704 1387 1365 1223 1197 1183 1162 872 823 546 353 213 353 681 766 1045 1093 673 617 862 535 343 0 339 691 735 1024 1096 623 728 588
 2520 2580 2681 2623 2676 2598 2312 2293 2373 2243 2270 2326 1945 1921 1907 1887 1567 1547 1405 1377 1366 1339 1047 1003 724 533 356 211 501 586 865 913 853 794 1045 715 523 339 0 511 555 844 919 803 548 768
 2872 2932 3033 2973 3025 2955 2664 2645 2725 2595 2619 2678 2297 2275 2263 2241 1917 1899 1752 1729 1713 1691 1399 1357 1076 885 708 523 260 319 584 632 1205 1146 1394 1067 875 691 511 0 271 560 633 1155 68 1120
 2913 2976 3074 3016 3071 2996 2708 2686 2769 2639 2663 2721 2340 2314 2304 2280 1960 1943 1798 1772 1756 1735 1442 1400 1119 929 751 566 275 288 527 575 1248 1190 1438 1111 919 735 555 271 0 506 578 1198 307 1164
 3202 3267 3366 3305 3363 3285 2999 2980 3056 2931 2952 3011 2630 2603 2594 2569 2250 2230 2087 2062 2046 2027 1732 1687 1411 1218 1041 858 553 540 226 246 1540 1481 1729 1402 1208 1024 844 560 506 0 237 1488 597 1453
 3277 3342 3438 3378 3435 3355 3069 3048 3128 3000 3024 3083 2700 2678 2666 2644 2322 2304 2162 2136 2120 2099 1806 1760 1483 1290 1115 928 627 612 275 249 1609 1551 1799 1472 1280 1096 919 633 578 237 0 1560 669 1525
 1978 2047 2146 2085 2140 2063 1760 1775 1816 1728 1712 1773 1388 1406 1354 1371 1010 1032 848 862 806 824 476 487 293 451 639 817 1145 1230 1509 1557 368 303 328 269 441 623 803 1155 1198 1488 1560 0 1193 321
 2906 2969 3069 3009 3061 2991 2703 2679 2762 2634 2660 2714 2336 2307 2300 2277 1956 1933 1791 1768 1749 1728 1435 1391 1112 922 744 559 296 355 618 668 1241 1183 1431 1104 912 728 548 68 307 597 669 1193 0 1157
 2057 2118 2216 2158 2213 2140 1852 1828 1906 1779 1802 1863 1480 1454 1444 1422 1107 1085 938 915 901 877 589 543 280 417 602 782 1110 1195 1474 1522 388 329 561 69 407 588 768 1120 1164 1453 1525 321 1157 0
EOF