NAME: ipa-building-navigation
TYPE: TSP
COMMENT: This is the TSPlib file for using concorde. See http://comopt.ifi.uni-heidelberg.de/software/TSPLIB95/ for documentation.
DIMENSION: 13
EDGE_WEIGHT_TYPE: EXPLICIT
EDGE_WEIGHT_FORMAT: FULL_MATRIX
EDGE_WEIGHT_SECTION
 0 172 287 472 96 368 228 124 197 292 483 154 228
 172 0 195 380 86 276 136 200 126 200 391 232 301
 287 195 0 279 194 181 67 308 210 129 298 338 409
 472 380 279 0 379 107 247 493 395 293 174 523 594
 96 86 194 379 0 272 132 113 101 196 389 143 214
 368 276 181 107 272 0 140 385 287 185 117 415 486
 228 136 67 247 132 140 0 245 147 68 257 278 346
 124 200 308 493 113 385 245 0 205 300 491 55 119
 197 126 210 395 101 287 147 205 0 130 334 235 306
 292 200 129 293 196 185 68 300 130 0 215 330 401
 483 391 298 174 389 117 257 491 334 215 0 521 592
 154 232 338 523 143 415 278 55 235 330 521 0 82
 228 301 409 594 214 486 346 119 306 401 592 82 0
EOF