NAME: ipa-building-navigation
TYPE: TSP
COMMENT: This is the TSPlib file for using concorde. See http://comopt.ifi.uni-heidelberg.de/software/TSPLIB95/ for documentation.
DIMENSION: 34
EDGE_WEIGHT_TYPE: EXPLICIT
EDGE_WEIGHT_FORMAT: FULL_MATRIX
EDGE_WEIGHT_SECTION
 0 627 901 1175 1449 96 1079 531 805 1353 520 196 635 903 1183 1451 197 863 528 671 943 1219 395 395 494 498 776 1046 1320 496 491 765 1315 1039
 627 0 610 884 1158 531 788 96 514 1062 801 632 199 614 892 1162 455 589 803 396 668 944 669 397 768 500 502 772 1044 771 493 493 1040 764
 901 610 0 611 884 805 515 514 96 788 1075 906 617 196 620 886 729 315 1076 400 395 671 943 671 1042 774 506 498 770 1044 767 495 767 491
 1175 884 611 0 610 1079 96 788 515 514 1349 1180 894 616 199 614 1003 315 1351 675 397 396 1217 945 1316 1048 780 500 496 1319 1041 769 492 493
 1449 1158 884 610 0 1353 514 1062 788 96 1623 1454 1165 889 617 199 1277 589 1624 948 671 395 1491 1219 1590 1322 1054 774 494 1592 1315 1043 491 767
 96 531 805 1079 1353 0 983 435 709 1257 424 136 539 807 1087 1355 101 767 432 575 847 1123 299 299 398 402 680 950 1222 400 395 669 1219 943
 1079 788 515 96 514 983 0 692 419 418 1253 1084 796 520 136 516 907 219 1255 579 301 300 1121 849 1220 952 684 404 402 1223 945 673 396 397
 531 96 514 788 1062 435 692 0 418 966 705 536 136 516 796 1066 359 493 707 303 572 848 573 301 672 404 406 676 950 675 397 395 944 668
 805 514 96 515 788 709 419 418 0 692 979 810 521 136 522 790 633 219 980 304 299 575 847 575 946 678 410 402 674 948 671 399 671 395
 1353 1062 788 514 96 1257 418 966 692 0 1527 1358 1069 793 521 136 1181 493 1528 852 575 299 1395 1125 1494 1226 958 678 400 1496 1219 947 397 671
 520 801 1075 1349 1623 424 1253 705 979 1527 0 521 808 1078 1356 1624 349 1037 261 844 1116 1392 296 568 395 671 950 1219 1491 395 664 939 1488 1212
 196 632 906 1180 1454 136 1084 536 810 1358 521 0 639 907 1187 1455 199 868 530 678 948 1224 396 402 495 505 783 1051 1323 498 496 772 1320 1046
 635 199 617 894 1165 539 796 136 521 1069 808 639 0 619 899 1167 462 596 810 404 676 952 676 404 775 507 509 781 1053 778 500 498 1050 774
 903 614 196 616 889 807 520 516 136 793 1078 907 619 0 623 891 730 325 1078 402 400 678 944 672 1043 775 507 505 777 1046 768 496 772 498
 1183 892 620 199 617 1087 136 796 522 521 1356 1187 899 623 0 619 1010 322 1358 682 404 404 1224 952 1323 1055 787 507 503 1326 1048 776 500 500
 1451 1162 886 614 199 1355 516 1066 790 136 1624 1455 1167 891 619 0 1278 590 1626 950 672 396 1492 1220 1591 1323 1055 775 495 1594 1316 1044 492 768
 197 455 729 1003 1277 101 907 359 633 1181 349 199 462 730 1010 1278 0 688 347 495 767 1043 213 219 313 322 601 870 1142 315 315 589 1139 863
 863 589 315 315 589 767 219 493 219 493 1037 868 596 325 322 590 688 0 1037 359 96 355 901 629 1001 733 465 199 454 1003 725 453 451 192
 528 803 1076 1351 1624 432 1255 707 980 1528 261 530 810 1078 1358 1626 347 1037 0 843 1115 1391 291 563 390 666 948 1218 1490 390 659 937 1487 1211
 671 396 400 675 948 575 579 303 304 852 844 678 404 402 682 950 495 359 843 0 422 698 709 437 808 540 136 525 797 811 533 97 794 518
 943 668 395 397 671 847 301 572 299 575 1116 948 676 400 404 672 767 96 1115 422 0 420 981 709 1080 812 528 136 522 1083 805 516 516 96
 1219 944 671 396 395 1123 300 848 575 299 1392 1224 952 678 404 396 1043 355 1391 698 420 0 1257 985 1356 1088 804 524 132 1359 1081 792 96 516
 395 669 943 1217 1491 299 1121 573 847 1395 296 396 676 944 1224 1492 213 901 291 709 981 1257 0 416 132 520 815 1084 1356 101 512 803 1353 1077
 395 397 671 945 1219 299 849 301 575 1125 568 402 404 672 952 1220 219 629 563 437 709 985 416 0 516 136 543 812 1087 518 96 531 1081 805
 494 768 1042 1316 1590 398 1220 672 946 1494 395 495 775 1043 1323 1591 313 1001 390 808 1080 1356 132 516 0 619 914 1183 1455 203 612 903 1452 1176
 498 500 774 1048 1322 402 952 404 678 1226 671 505 507 775 1055 1323 322 733 666 540 812 1088 520 136 619 0 646 915 1187 621 203 635 1184 908
 776 502 506 780 1054 680 684 406 410 958 950 783 509 507 787 1055 601 465 948 136 528 804 815 543 914 646 0 631 903 916 639 205 900 624
 1046 772 498 500 774 950 404 676 402 678 1219 1051 781 505 507 775 870 199 1218 525 136 524 1084 812 1183 915 631 0 623 1186 908 620 620 203
 1320 1044 770 496 494 1222 402 950 674 400 1491 1323 1053 777 503 495 1142 454 1490 797 522 132 1356 1087 1455 1187 903 623 0 1458 1180 892 197 616
 496 771 1044 1319 1592 400 1223 675 948 1496 395 498 778 1046 1326 1594 315 1003 390 811 1083 1359 101 518 203 621 916 1186 1458 0 614 905 1455 1179
 491 493 767 1041 1315 395 945 397 671 1219 664 496 500 768 1048 1316 315 725 659 533 805 1081 512 96 612 203 639 908 1180 614 0 627 1177 901
 765 493 495 769 1043 669 673 395 399 947 939 772 498 496 776 1044 589 453 937 97 516 792 803 531 903 635 205 620 892 905 627 0 888 612
 1315 1040 767 492 491 1219 396 944 671 397 1488 1320 1050 772 500 492 1139 451 1487 794 516 96 1353 1081 1452 1184 900 620 197 1455 1177 888 0 612
 1039 764 491 493 767 943 397 668 395 671 1212 1046 774 498 500 768 863 192 1211 518 96 516 1077 805 1176 908 624 203 616 1179 901 612 612 0
EOF