NAME: ipa-building-navigation
TYPE: TSP
COMMENT: This is the TSPlib file for using concorde. See http://comopt.ifi.uni-heidelberg.de/software/TSPLIB95/ for documentation.
DIMENSION: 54
EDGE_WEIGHT_TYPE: EXPLICIT
EDGE_WEIGHT_FORMAT: FULL_MATRIX
EDGE_WEIGHT_SECTION
 0 135 197 985 934 761 907 934 1012 910 872 109 861 161 263 115 370 657 582 707 276 656 874 785 817 324 726 882 797 367 786 811 515 759 972 951 781 886 923 1037 1074 1134 641 957 835 1138 741 853 774 883 985 1014 1036 1022
 135 0 149 975 924 751 899 924 1002 900 862 70 851 183 253 135 360 647 572 697 296 646 864 775 807 344 716 872 787 387 806 801 535 779 960 942 798 906 943 1057 1097 1154 661 977 855 1155 761 875 794 902 1005 1034 1055 1042
 197 149 0 1014 961 790 938 963 1041 939 901 105 890 241 292 195 399 686 611 736 356 685 903 817 846 404 755 911 826 447 868 840 595 839 999 980 860 966 1005 1117 1154 1214 721 1037 913 1218 821 933 854 965 1065 1094 1115 1105
 985 975 1014 0 131 253 366 393 471 77 334 911 575 983 740 937 614 361 402 425 1099 476 613 505 536 1146 547 601 608 1145 937 632 1014 778 713 706 944 831 863 977 1017 1075 1146 897 882 1078 1225 1156 1248 1132 1030 1004 981 965
 934 924 961 131 0 200 313 340 418 59 281 858 522 930 687 884 561 308 349 372 1046 423 562 454 481 1093 494 546 555 1092 884 579 961 725 662 653 891 776 813 926 964 1022 1093 846 827 1025 1172 1103 1195 1082 977 949 925 912
 761 751 790 253 200 0 147 175 253 178 110 687 328 759 516 713 391 117 181 178 875 253 366 256 287 923 323 352 384 923 713 408 791 554 468 459 720 605 640 753 791 851 922 676 656 855 1002 933 1024 909 806 778 752 739
 907 899 938 366 313 147 0 98 177 294 44 833 336 905 664 859 536 263 324 300 1021 401 489 378 409 1068 469 474 506 1067 859 553 936 700 588 582 866 753 785 901 937 997 1068 819 804 998 1147 1078 1170 1054 952 924 900 885
 934 924 963 393 340 175 98 0 153 321 61 860 310 932 692 886 564 290 352 327 1048 425 518 408 437 1098 496 502 533 1096 886 581 964 727 616 609 893 778 813 926 966 1024 1095 849 829 1027 1175 1106 1197 1084 979 956 927 914
 1012 1002 1041 471 418 253 177 153 0 400 140 938 232 1011 768 965 642 368 430 356 1126 504 553 431 462 1174 574 527 565 1155 947 656 1027 793 641 634 957 840 876 985 1023 1083 1159 910 890 1086 1236 1169 1260 1150 1043 1015 986 973
 910 900 939 77 59 178 294 321 400 0 260 836 500 908 665 862 539 286 330 350 1024 401 538 428 459 1071 472 524 533 1070 862 557 940 701 638 631 869 754 789 902 942 1000 1071 822 807 1006 1150 1081 1173 1057 955 927 903 888
 872 862 901 334 281 110 44 61 140 260 0 800 294 870 627 824 502 228 290 265 986 366 454 346 375 1034 434 440 471 1032 824 519 902 665 554 547 831 716 751 867 902 962 1033 784 769 968 1113 1044 1137 1020 917 889 866 852
 109 70 105 911 858 687 833 860 938 836 800 0 787 135 189 89 296 583 508 633 251 582 800 711 743 299 652 808 723 341 761 737 490 734 896 878 753 861 898 1011 1051 1109 616 931 808 1113 716 828 749 857 960 989 1010 999
 861 851 890 575 522 328 336 310 232 500 294 787 0 860 617 814 491 223 279 157 975 346 351 231 263 1023 416 328 366 958 748 457 826 587 442 435 758 645 677 788 826 886 959 708 698 889 1037 970 1061 946 841 813 789 774
 161 183 241 983 930 759 905 932 1011 908 870 135 860 0 261 56 368 656 580 706 209 654 872 784 815 257 724 880 795 303 722 809 451 696 968 950 717 823 859 973 1011 1071 578 895 772 1072 677 789 713 821 921 950 972 959
 263 253 292 740 687 516 664 692 768 665 627 189 617 261 0 215 125 413 337 463 377 411 629 541 572 425 481 637 552 467 872 566 615 710 728 707 879 766 798 914 949 1009 742 832 815 1013 841 953 874 983 965 937 913 900
 115 135 195 937 884 713 859 886 965 862 824 89 814 56 215 0 322 610 534 660 161 608 826 740 769 209 678 834 749 252 671 763 402 644 922 904 665 771 808 921 959 1019 526 841 720 1020 628 740 659 767 870 899 920 907
 370 360 399 614 561 391 536 564 642 539 502 296 491 368 125 322 0 287 212 337 484 285 504 415 446 531 356 511 427 574 746 441 722 585 600 581 753 638 675 786 824 884 849 709 689 885 951 965 984 941 839 811 787 774
 657 647 686 361 308 117 263 290 368 286 228 583 223 656 413 610 287 0 75 73 771 142 261 151 182 819 212 247 273 815 603 297 680 441 361 354 610 495 529 645 683 740 811 563 548 742 891 822 913 798 696 670 646 631
 582 572 611 402 349 181 324 352 430 330 290 508 279 580 337 534 212 75 0 125 696 80 299 203 234 743 151 299 222 751 541 236 619 382 395 376 548 436 470 581 619 679 750 501 484 682 830 761 852 739 634 609 580 572
 707 697 736 425 372 178 300 327 356 350 265 633 157 706 463 660 337 73 125 0 821 189 198 84 116 871 259 181 216 806 598 307 675 436 295 288 605 490 527 640 676 736 807 558 545 737 886 820 911 796 691 663 637 628
 276 296 356 1099 1046 875 1021 1048 1126 1024 986 251 975 209 377 161 484 771 696 821 0 770 809 899 876 52 768 803 695 93 513 693 241 486 838 820 505 613 649 763 801 861 368 683 559 862 467 579 500 609 711 740 762 749
 656 646 685 476 423 253 401 425 504 401 366 582 346 654 411 608 285 142 80 189 770 0 294 263 295 817 146 309 217 744 536 231 614 375 390 372 544 429 463 577 614 674 745 501 479 678 825 756 847 732 629 601 578 562
 874 864 903 613 562 366 489 518 553 538 454 800 351 872 629 826 504 261 299 198 809 294 0 201 173 859 224 149 132 713 505 202 583 346 258 251 512 400 434 545 583 643 714 468 448 647 794 725 816 701 598 570 544 536
 785 775 817 505 454 256 378 408 431 428 346 711 231 784 541 740 415 151 203 84 899 263 201 0 115 949 331 180 218 808 600 309 678 439 294 287 608 493 529 641 678 738 812 561 543 739 889 820 911 796 694 666 642 626
 817 807 846 536 481 287 409 437 462 459 375 743 263 815 572 769 446 182 234 116 876 295 173 115 0 926 303 152 190 780 572 281 650 416 266 259 582 465 499 613 650 710 784 533 518 711 861 792 883 770 666 642 611 598
 324 344 404 1146 1093 923 1068 1098 1174 1071 1034 299 1023 257 425 209 531 819 743 871 52 817 859 949 926 0 817 853 745 143 562 742 291 536 888 869 554 663 699 813 851 911 418 733 609 912 517 629 550 659 761 790 812 799
 726 716 755 547 494 323 469 496 574 472 434 652 416 724 481 678 356 212 151 259 768 146 224 331 303 817 0 238 147 676 466 161 544 305 320 301 473 358 393 506 544 604 675 429 409 610 755 685 777 661 559 533 507 494
 882 872 911 601 546 352 474 502 527 524 440 808 328 880 637 834 511 247 299 181 803 309 149 180 152 853 238 0 108 709 502 210 579 343 113 120 509 396 431 542 579 639 710 466 445 641 790 721 812 697 595 567 543 530
 797 787 826 608 555 384 506 533 565 533 471 723 366 795 552 749 427 273 222 216 695 217 132 218 190 745 147 108 0 601 393 102 471 234 172 154 401 286 320 436 471 531 602 356 336 535 682 613 704 589 486 458 432 421
 367 387 447 1145 1092 923 1067 1096 1155 1070 1032 341 958 303 467 252 574 815 751 806 93 744 713 808 780 143 676 709 601 0 419 599 148 392 744 726 411 519 556 669 707 767 274 589 466 768 374 486 407 515 618 647 668 655
 786 806 868 937 884 713 859 886 947 862 824 761 748 722 872 671 746 603 541 598 513 536 505 600 572 562 466 502 393 419 0 391 289 211 543 525 253 338 374 488 526 586 420 408 294 587 500 612 533 641 541 513 487 474
 811 801 840 632 579 408 553 581 656 557 519 737 457 809 566 763 441 297 236 307 693 231 202 309 281 742 161 210 102 599 391 0 469 230 275 257 398 286 318 433 469 529 600 351 334 532 680 610 702 586 484 456 430 419
 515 535 595 1014 961 791 936 964 1027 940 902 490 826 451 615 402 722 680 619 675 241 614 583 678 650 291 544 579 471 148 289 469 0 248 614 596 267 376 412 526 564 624 142 446 322 625 225 337 258 367 469 498 525 512
 759 779 839 778 725 554 700 727 793 701 665 734 587 696 710 644 585 441 382 436 486 375 346 439 416 536 305 343 234 392 211 230 248 0 375 357 168 127 163 277 315 375 370 197 108 376 449 456 482 432 330 302 276 263
 972 960 999 713 662 468 588 616 641 638 554 896 442 968 728 922 600 361 395 295 838 390 258 294 266 888 320 113 172 744 543 275 614 375 0 129 544 429 463 579 614 674 745 497 479 678 825 756 847 732 629 601 578 565
 951 942 980 706 653 459 582 609 634 631 547 878 435 950 707 904 581 354 376 288 820 372 251 287 259 869 301 120 154 726 525 257 596 357 129 0 525 410 447 558 596 656 727 481 461 657 807 737 829 713 611 583 559 546
 781 798 860 944 891 720 866 893 957 869 831 753 758 717 879 665 753 610 548 605 505 544 512 608 582 554 473 509 401 411 253 398 267 168 544 525 0 295 332 445 483 543 389 365 242 544 468 580 501 601 498 470 444 431
 886 906 966 831 776 605 753 778 840 754 716 861 645 823 766 771 638 495 436 490 613 429 400 493 465 663 358 396 286 519 338 286 376 127 429 410 295 0 54 150 187 247 497 70 145 249 441 329 420 305 203 175 149 135
 923 943 1005 863 813 640 785 813 876 789 751 898 677 859 798 808 675 529 470 527 649 463 434 529 499 699 393 431 320 556 374 318 412 163 463 447 332 54 0 199 236 296 534 119 195 298 490 378 469 354 252 224 198 184
 1037 1057 1117 977 926 753 901 926 985 902 867 1011 788 973 914 921 786 645 581 640 763 577 545 641 613 813 506 542 436 669 488 433 526 277 579 558 445 150 199 0 102 162 545 93 288 163 481 369 460 345 242 214 125 152
 1074 1097 1154 1017 964 791 937 966 1023 942 902 1051 826 1011 949 959 824 683 619 676 801 614 583 678 650 851 544 579 471 707 526 469 564 315 614 596 483 187 236 102 0 148 583 130 326 149 518 406 498 382 280 252 156 190
 1134 1154 1214 1075 1022 851 997 1024 1083 1000 962 1109 886 1071 1009 1019 884 740 679 736 861 674 643 738 710 911 604 639 531 767 586 529 624 375 674 656 543 247 296 162 148 0 643 190 388 128 578 466 558 442 340 312 216 250
 641 661 721 1146 1093 922 1068 1095 1159 1071 1033 616 959 578 742 526 849 811 750 807 368 745 714 812 784 418 675 710 602 274 420 600 142 370 745 727 389 497 534 545 583 643 0 454 444 621 131 243 164 273 375 404 521 471
 957 977 1037 897 846 676 819 849 910 822 784 931 708 895 832 841 709 563 501 558 683 501 468 561 533 733 429 466 356 589 408 351 446 197 497 481 365 70 119 93 130 190 454 0 208 178 390 278 369 254 151 123 78 71
 835 855 913 882 827 656 804 829 890 807 769 808 698 772 815 720 689 548 484 545 559 479 448 543 518 609 409 445 336 466 294 334 322 108 479 461 242 145 195 288 326 388 444 208 0 387 523 468 556 444 341 313 287 274
 1138 1155 1218 1078 1025 855 998 1027 1086 1006 968 1113 889 1072 1013 1020 885 742 682 737 862 678 647 739 711 912 610 641 535 768 587 532 625 376 678 657 544 249 298 163 149 128 621 178 387 0 556 444 536 420 318 290 194 228
 741 761 821 1225 1172 1002 1147 1175 1236 1150 1113 716 1037 677 841 628 951 891 830 886 467 825 794 889 861 517 755 790 682 374 500 680 225 449 825 807 468 441 490 481 518 578 131 390 523 556 0 178 99 208 310 339 456 406
 853 875 933 1156 1103 933 1078 1106 1169 1081 1044 828 970 789 953 740 965 822 761 820 579 756 725 820 792 629 685 721 613 486 612 610 337 456 756 737 580 329 378 369 406 466 243 278 468 444 178 0 158 96 198 227 344 294
 774 794 854 1248 1195 1024 1170 1197 1260 1173 1137 749 1061 713 874 659 984 913 852 911 500 847 816 911 883 550 777 812 704 407 533 702 258 482 847 829 501 420 469 460 498 558 164 369 556 536 99 158 0 184 286 315 436 382
 883 902 965 1132 1082 909 1054 1084 1150 1057 1020 857 946 821 983 767 941 798 739 796 609 732 701 796 770 659 661 697 589 515 641 586 367 432 732 713 601 305 354 345 382 442 273 254 444 420 208 96 184 0 171 200 320 267
 985 1005 1065 1030 977 806 952 979 1043 955 917 960 841 921 965 870 839 696 634 691 711 629 598 694 666 761 559 595 486 618 541 484 469 330 629 611 498 203 252 242 280 340 375 151 341 318 310 198 286 171 0 98 218 165
 1014 1034 1094 1004 949 778 924 956 1015 927 889 989 813 950 937 899 811 670 609 663 740 601 570 666 642 790 533 567 458 647 513 456 498 302 601 583 470 175 224 214 252 312 404 123 313 290 339 227 315 200 98 0 190 133
 1036 1055 1115 981 925 752 900 927 986 903 866 1010 789 972 913 920 787 646 580 637 762 578 544 642 611 812 507 543 432 668 487 430 525 276 578 559 444 149 198 125 156 216 521 78 287 194 456 344 436 320 218 190 0 128
 1022 1042 1105 965 912 739 885 914 973 888 852 999 774 959 900 907 774 631 572 628 749 562 536 626 598 799 494 530 421 655 474 419 512 263 565 546 431 135 184 152 190 250 471 71 274 228 406 294 382 267 165 133 128 0
EOF